0.506173
0.499711
0.49349
0.487501
0.481735
0.476183
0.470836
0.465686
0.460726
0.455949
0.451346
0.446912
0.44264
0.438523
0.434556
0.430733
0.427047
0.423495
0.420071
0.41677
0.413587
0.410518
0.407559
0.404705
0.401953
0.399298
0.396737
0.394267
0.391884
0.389585
0.387366
0.385225
0.383159
0.381166
0.379241
0.377384
0.375591
0.37386
0.372188
0.370575
0.369017
0.367512
0.366059
0.364656
0.3633
0.361991
0.360726
0.359504
0.358324
0.357183
0.35608
0.355015
0.353985
0.35299
0.352028
0.351099
0.3502
0.34933
0.34849
0.347677
0.346891
0.346131
0.345396
0.344685
0.343997
0.343331
0.342687
0.342064
0.341461
0.340877
0.340312
0.339765
0.339236
0.338724
0.338227
0.337747
0.337281
0.336831
0.336394
0.335971
0.335561
0.335164
0.33478
0.334407
0.334046
0.333695
0.333356
0.333027
0.332708
0.332398
0.332098
0.331807
0.331525
0.331251
0.330985
0.330727
0.330477
0.330234
0.329998
0.329769
0.329546
0.329331
0.329121
0.328917
0.328719
0.328527
0.32834
0.328159
0.327982
0.327811
0.327644
0.327482
0.327324
0.327171
0.327022
0.326876
0.326735
0.326598
0.326464
0.326334
0.326207
0.326083
0.325963
0.325846
0.325732
0.325621
0.325512
0.325407
0.325304
0.325203
0.325105
0.32501
0.324917
0.324826
0.324737
0.324651
0.324566
0.324484
0.324403
0.324325
0.324248
0.324173
0.3241
0.324028
0.323958
0.32389
0.323823
0.323757
0.323693
0.323631
0.323569
0.32351
0.323451
0.323393
0.323337
0.323282
0.323228
0.323176
0.323124
0.323073
0.323024
0.322975
0.322927
0.32288
0.322835
0.32279
0.322746
0.322702
0.32266
0.322618
0.322577
0.322537
0.322497
0.322459
0.322421
0.322383
0.322347
0.322311
0.322275
0.32224
0.322206
0.322172
0.322139
0.322107
0.322074
0.322043
0.322012
0.321981
0.321951
0.321922
0.321893
0.321864
0.321836
0.321808
0.321781
0.321754
0.321727
0.321701
0.321675
0.32165
0.321624
0.3216
0.321575
0.321551
0.321528
0.321504
0.321481
0.321458
0.321436
0.321414
0.321392
0.32137
0.321349
0.321328
0.321307
0.321287
0.321267
0.321247
0.321227
0.321207
0.321188
0.321169
0.32115
0.321132
0.321114
0.321095
0.321077
0.32106
0.321042
0.321025
0.321008
0.320991
0.320974
0.320958
0.320941
0.320925
0.320909
0.320893
0.320878
0.320862
0.320847
0.320832
0.320817
0.320802
0.320787
0.320773
0.320758
0.320744
0.32073
0.320716
0.320702
0.320688
0.320675
0.320661
0.320648
0.320635
0.320622
0.320609
0.320596
0.320584
0.320571
0.320559
0.320546
0.320534
0.320522
0.32051
0.320498
0.320487
0.320475
0.320464
0.320452
0.320441
0.32043
0.320419
0.320408
0.320397
0.320386
0.320375
0.320364
0.320354
0.320343
0.320333
0.320323
0.320313
0.320303
0.320293
0.320283
0.320273
0.320263
0.320253
0.320244
0.320234
0.320225
0.320216
0.320206
0.320197
0.320188
0.320179
0.32017
0.320161
0.320152
0.320144
0.320135
0.320126
0.320118
0.320109
0.320101
0.320093
0.320084
0.320076
0.320068
0.32006
0.320052
0.320044
0.320036
0.320028
0.32002
0.320013
0.320005
0.319997
0.31999
0.319982
0.319975
0.319968
0.31996
0.319953
0.319946
0.319939
0.319932
0.319925
0.319918
0.319911
0.319904
0.319897
0.31989
0.319884
0.319877
0.31987
0.319864
0.319857
0.319851
0.319844
0.319838
0.319832
0.319825
0.319819
0.319813
0.319807
0.319801
0.319794
0.319788
0.319782
0.319777
0.319771
0.319765
0.319759
0.319753
0.319747
0.319742
0.319736
0.319731
0.319725
0.319719
0.319714
0.319708
0.319703
0.319698
0.319692
0.319687
0.319682
0.319677
0.319671
0.319666
0.319661
0.319656
0.319651
0.319646
0.319641
0.319636
0.319631
0.319626
0.319621
0.319617
0.319612
0.319607
0.319602
0.319598
0.319593
0.319588
0.319584
0.319579
0.319575
0.31957
0.319566
0.319561
0.319557
0.319553
0.319548
0.319544
0.31954
0.319535
0.319531
0.319527
0.319523
0.319519
0.319514
0.31951
0.319506
0.319502
0.319498
0.319494
0.31949
0.319486
0.319482
0.319478
0.319475
0.319471
0.319467
0.319463
0.319459
0.319456
0.319452
0.319448
0.319445
0.319441
0.319437
0.319434
0.31943
0.319427
0.319423
0.31942
0.319416
0.319413
0.319409
0.319406
0.319402
0.319399
0.319396
0.319392
0.319389
0.319386
0.319382
0.319379
0.319376
0.319373
0.31937
0.319366
0.319363
0.31936
0.319357
0.319354
0.319351
0.319348
0.319345
0.319342
0.319339
0.319336
0.319333
0.31933
0.319327
0.319324
0.319321
0.319318
0.319315
0.319313
0.31931
0.319307
0.319304
0.319301
0.319299
0.319296
0.319293
0.31929
0.319288
0.319285
0.319282
0.31928
0.319277
0.319275
0.319272
0.319269
0.319267
0.319264
0.319262
0.319259
0.319257
0.319254
0.319252
0.319249
0.319247
0.319245
0.319242
0.31924
0.319237
0.319235
0.319233
0.31923
0.319228
0.319226
0.319223
0.319221
0.319219
0.319217
0.319214
0.319212
0.31921
0.319208
0.319205
0.319203
0.319201
0.319199
0.319197
0.319195
0.319192
0.31919
0.319188
0.319186
0.319184
0.319182
0.31918
0.319178
0.319176
0.319174
0.319172
0.31917
0.319168
0.319166
0.319164
0.319162
0.31916
0.319158
0.319156
0.319154
0.319153
0.319151
0.319149
0.319147
0.319145
0.319143
0.319141
0.31914
0.319138
0.319136
0.319134
0.319132
0.319131
0.319129
0.319127
0.319125
0.319124
0.319122
0.31912
0.319119
0.319117
0.319115
0.319114
0.319112
0.31911
0.319109
0.319107
0.319105
0.319104
0.319102
0.3191
0.319099
0.319097
0.319096
0.319094
0.319093
0.319091
0.31909
0.319088
0.319086
0.319085
0.319083
0.319082
0.31908
0.319079
0.319077
0.319076
0.319075
0.319073
0.319072
0.31907
0.319069
0.319067
0.319066
0.319065
0.319063
0.319062
0.31906
0.319059
0.319058
0.319056
0.319055
0.319054
0.319052
0.319051
0.31905
0.319048
0.319047
0.319046
0.319044
0.319043
0.319042
0.31904
0.319039
0.319038
0.319037
0.319035
0.319034
0.319033
0.319032
0.31903
0.319029
0.319028
0.319027
0.319026
0.319024
0.319023
0.319022
0.319021
0.31902
0.319019
0.319017
0.319016
0.319015
0.319014
0.319013
0.319012
0.319011
0.319009
0.319008
0.319007
0.319006
0.319005
0.319004
0.319003
0.319002
0.319001
0.319
0.318999
0.318998
0.318996
0.318995
0.318994
0.318993
0.318992
0.318991
0.31899
0.318989
0.318988
0.318987
0.318986
0.318985
0.318984
0.318983
0.318982
0.318981
0.31898
0.318979
0.318978
0.318977
0.318976
0.318976
0.318975
0.318974
0.318973
0.318972
0.318971
0.31897
0.318969
0.318968
0.318967
0.318966
0.318965
0.318964
0.318964
0.318963
0.318962
0.318961
0.31896
0.318959
0.318958
0.318957
0.318957
0.318956
0.318955
0.318954
0.318953
0.318952
0.318952
0.318951
0.31895
0.318949
0.318948
0.318947
0.318947
0.318946
0.318945
0.318944
0.318943
0.318943
0.318942
0.318941
0.31894
0.31894
0.318939
0.318938
0.318937
0.318936
0.318936
0.318935
0.318934
0.318933
0.318933
0.318932
0.318931
0.318931
0.31893
0.318929
0.318928
0.318928
0.318927
0.318926
0.318925
0.318925
0.318924
0.318923
0.318923
0.318922
0.318921
0.318921
0.31892
0.318919
0.318919
0.318918
0.318917
0.318917
0.318916
0.318915
0.318915
0.318914
0.318913
0.318913
0.318912
0.318911
0.318911
0.31891
0.318909
0.318909
0.318908
0.318907
0.318907
0.318906
0.318906
0.318905
0.318904
0.318904
0.318903
0.318903
0.318902
0.318901
0.318901
0.3189
0.3189
0.318899
0.318898
0.318898
0.318897
0.318897
0.318896
0.318895
0.318895
0.318894
0.318894
0.318893
0.318893
0.318892
0.318892
0.318891
0.31889
0.31889
0.318889
0.318889
0.318888
0.318888
0.318887
0.318887
0.318886
0.318886
0.318885
0.318884
0.318884
0.318883
0.318883
0.318882
0.318882
0.318881
0.318881
0.31888
0.31888
0.318879
0.318879
0.318878
0.318878
0.318877
0.318877
0.318876
0.318876
0.318875
0.318875
0.318874
0.318874
0.318873
0.318873
0.318872
0.318872
0.318871
0.318871
0.318871
0.31887
0.31887
0.318869
0.318869
0.318868
0.318868
0.318867
0.318867
0.318866
0.318866
0.318866
0.318865
0.318865
0.318864
0.318864
0.318863
0.318863
0.318862
0.318862
0.318862
0.318861
0.318861
0.31886
0.31886
0.318859
0.318859
0.318859
0.318858
0.318858
0.318857
0.318857
0.318857
0.318856
0.318856
0.318855
0.318855
0.318854
0.318854
0.318854
0.318853
0.318853
0.318852
0.318852
0.318852
0.318851
0.318851
0.318851
0.31885
0.31885
0.318849
0.318849
0.318849
0.318848
0.318848
0.318847
0.318847
0.318847
0.318846
0.318846
0.318846
0.318845
0.318845
0.318844
0.318844
0.318844
0.318843
0.318843
0.318843
0.318842
0.318842
0.318842
0.318841
0.318841
0.318841
0.31884
0.31884
0.31884
0.318839
0.318839
0.318839
0.318838
0.318838
0.318837
0.318837
0.318837
0.318836
0.318836
0.318836
0.318835
0.318835
0.318835
0.318834
0.318834
0.318834
0.318834
0.318833
0.318833
0.318833
0.318832
0.318832
0.318832
0.318831
0.318831
0.318831
0.31883
0.31883
0.31883
0.318829
0.318829
0.318829
0.318828
0.318828
0.318828
0.318828
0.318827
0.318827
0.318827
0.318826
0.318826
0.318826
0.318826
0.318825
0.318825
0.318825
0.318824
0.318824
0.318824
0.318823
0.318823
0.318823
0.318823
0.318822
0.318822
0.318822
0.318821
0.318821
0.318821
0.318821
0.31882
0.31882
0.31882
0.31882
0.318819
0.318819
0.318819
0.318818
0.318818
0.318818
0.318818
0.318817
0.318817
0.318817
0.318817
0.318816
0.318816
0.318816
0.318816
0.318815
0.318815
0.318815
0.318815
0.318814
0.318814
0.318814
0.318814
0.318813
0.318813
0.318813
0.318813
0.318812
0.318812
0.318812
0.318812
0.318811
0.318811
0.318811
0.318811
0.31881
0.31881
0.31881
